$ 1 0.000005 2.3728258192205156 50 5 50 5e-11
R 640 304 560 304 0 0 40 5 0 0 0.5
w 832 400 928 400 1
c 928 400 928 496 0 0.00027 2.9887602929872408 0
g 928 496 928 512 0 0
f 928 256 832 256 33 1.5 10
w 832 272 832 304 0
w 832 240 832 208 0
w 736 208 640 208 0
w 640 208 640 304 0
L 1328 256 1360 256 0 1 false 3.3 0
r 832 208 928 208 0 47000
w 928 208 928 256 0
r 1232 256 1232 352 0 56000
g 1232 352 1232 368 0 0
159 1328 256 1232 256 0 100 10000000000
L 1280 240 1280 208 0 0 false 5 0
w 736 208 832 208 1
r 736 304 832 304 0 20
r 640 304 736 304 0 20
r 640 400 736 400 0 20
r 736 400 832 400 0 20
w 832 400 832 304 0
w 640 304 640 400 0
w 928 208 1024 208 0
w 928 400 1024 400 0
g 1024 496 1024 512 0 0
f 1232 256 1120 256 32 1.5 10
w 1024 208 1120 208 0
w 1120 208 1120 240 0
w 1120 272 1120 304 0
g 1120 304 1120 320 0 0
i 1024 400 1024 496 0 0.1
o 2 1 0 135426 4.938307924407533 0.0001 0 2 2 3
o 0 1 0 135425 0.0001 0.5670179430555791 1 2 0 3
o 17 1 7 135426 5 0.1 2 1 0.3125
