$ 1 8.223684210526316e-7 24.46919322642204 50 5 50 5e-11
R 896 240 896 192 0 0 40 5 0 0 0.5
34 IR333 1 9.32e-11 0 2.603059069217388 0 0.1
162 896 336 896 432 2 IR333 1 1 1 1
r 896 432 896 528 0 3
f 800 576 896 576 32 1.5 13
w 896 528 896 560 0
w 896 592 896 672 0
R 608 576 560 576 4 5 38000 3.3 0 0 0.52
c 800 576 800 672 0 7e-10 0.007983050236336048 0
g 896 672 896 688 0 0
w 896 672 800 672 0
r 704 576 800 576 0 220.00000000000003
212 608 576 704 576 0 2 a\s*\sb
g 704 608 720 608 0 0
R 608 608 480 608 4 5 1000 1 0 0 0.5
162 896 240 896 336 2 IR333 1 1 1 1
o 2 8 7 135426 5 0.1 0 1 5
o 1 8 0 135425 5 3.2 1 2 1 3
38 6 F1 5 0 100 -1 Duty\sCycle
