$ 1 0.000005 2.922428378123494 46 5 43 5e-11
R 320 240 272 240 0 0 40 5 0 0 0.5
f 560 288 608 288 33 1.5 13
d 512 240 608 240 2 1N4004
w 608 240 608 272 0
w 608 304 608 336 0
R 608 432 608 464 0 0 40 4 0 0 0.5
w 512 240 512 288 0
w 512 288 560 288 0
s 320 240 416 240 0 1 false
w 512 288 512 336 0
r 512 336 512 432 0 100000
g 512 432 512 448 0 0
w 608 240 704 240 0
c 704 240 704 336 0 0.000001 3.9999999811333518 0
g 704 336 704 352 0 0
w 704 240 800 240 0
207 704 480 672 480 5 OFF
w 1088 240 1184 240 2
f 1136 336 1184 336 33 1.5 13
w 1184 240 1184 320 0
w 1184 352 1184 432 1
w 1088 336 1136 336 0
r 1184 432 1184 528 0 27
g 1184 528 1184 544 0 0
207 608 432 640 432 5 BATT
w 608 432 608 336 0
207 1088 16 1120 16 5 OFF
r 992 -80 992 16 0 60000
g 1088 384 1088 400 0 0
c 1088 336 1088 384 0 6.8e-10 3.9617512602661 0
r 416 240 512 240 0 0.1
c 560 288 560 336 0 6.8e-10 0.0018227211217213676 0
g 560 336 560 352 0 0
f 896 480 992 480 32 1.5 0.02
w 992 432 992 464 0
w 992 496 992 528 0
g 992 528 992 544 0 0
w 800 480 800 528 0
r 800 528 800 624 0 330000
g 800 624 800 640 0 0
c 896 480 896 528 0 6.8e-10 0.0001842524048828741 0
g 896 528 896 544 0 0
w 800 480 896 480 2
d 992 336 896 336 2 default
d 800 336 896 336 2 default
207 800 336 768 336 5 START
w 1088 240 992 240 0
w 992 432 992 336 0
s 896 336 896 432 0 1 true
g 896 432 896 448 0 0
r 1088 240 1088 336 0 100000
c 992 240 992 336 0 1e-7 0.03824872109717958 0.001
w 992 240 896 240 0
w 896 240 800 240 0
r 992 336 1088 336 0 0.001
R 992 -80 992 -112 0 0 40 3.3 0 0 0.5
s 992 16 1088 16 0 1 false
R 512 0 480 0 0 0 40 3.3 0 0 0.5
r 512 0 608 0 0 60000
207 704 16 736 16 5 START
207 416 240 416 192 5 USB
207 608 528 576 528 5 USB
d 704 528 800 528 2 1N4004
d 704 480 800 480 2 1N4004
368 704 16 704 -48 0 0
368 1088 16 1088 -48 0 0
r 1088 16 1088 112 0 10000000
g 1088 112 1088 128 0 0
S 704 16 608 16 0 2 false 0 3
r 512 32 608 32 0 60000
g 512 32 496 32 0 0
g 704 112 704 128 0 0
r 704 16 704 112 0 10000000
r 608 528 704 528 0 150000
