$ 1 0.000005 10.20027730826997 64 5 43 5e-11
f 752 416 688 416 32 1.5 13
f 848 416 912 416 32 1.5 13
w 688 400 688 352 0
r 688 352 688 256 0 330000
r 912 352 912 256 0 330000
w 912 400 912 352 0
w 688 256 800 256 0
w 800 256 912 256 0
R 800 256 800 224 0 0 40 3.3 0 0 0.5
w 752 352 848 416 0
w 752 416 848 352 0
w 848 496 912 496 0
w 912 432 912 496 0
g 800 496 800 512 0 0
w 752 496 688 496 0
w 688 496 688 432 0
w 848 496 800 496 0
w 800 496 752 496 0
w 912 352 1008 352 2
f 1008 464 848 464 32 1.5 13
w 848 416 848 448 0
w 848 480 848 496 0
L 1008 464 1040 464 0 0 true 3.3 0
r 800 496 800 416 0 10000000
w 800 416 848 416 0
f 592 464 752 464 32 1.5 0.02
w 752 416 752 448 0
w 752 480 752 496 0
s 400 464 496 464 0 1 true
R 400 368 400 336 0 0 40 5 0 0 0.5
r 400 368 400 464 0 10000
r 592 464 592 560 0 330000
g 592 560 592 576 0 0
207 592 464 592 416 5 ON
w 688 352 752 352 0
w 848 352 912 352 0
34 zener-3.3 1 1.7143528192810002e-7 0 2.0000000000000084 3.3 1
d 496 560 496 464 2 zener-3.3
w 496 464 592 464 2
w 496 560 592 560 1
207 1008 464 1008 416 5 OFF
f 1008 352 1104 352 33 1.5 0.02
w 912 256 1008 256 0
w 1008 256 1104 256 0
w 1104 256 1104 336 0
r 1104 400 1104 496 0 1000
g 1104 496 1104 512 0 0
w 1104 400 1104 368 0
