$ 1 1e-9 22.512744558455275 50 5 43 5e-11
R 384 176 336 176 0 0 40 5 0 0 0.5
f 672 272 768 272 33 1.05 13
c 768 288 768 368 0 1 3.599958366084756 3.6
g 768 368 768 384 0 0
r 864 176 864 272 0 100
g 864 272 864 288 0 0
s 480 176 576 176 0 1 false
w 768 176 864 176 0
r 576 272 576 368 0 10000
w 672 368 768 368 0
w 672 272 576 272 2
c 672 272 672 368 0 6.8e-10 0.00018800000000016118 0.001
w 576 368 672 368 0
r 384 176 480 176 0 1
w 768 176 768 256 0
w 576 176 576 272 0
d 672 176 768 176 2 1N4004
w 672 176 576 176 0
209 960 176 960 272 0 0.00001 3.598872414754331 0.001 1
w 960 176 864 176 0
w 960 272 864 272 0
o 4 8 0 135426 10 0.1 0 2 4 3
