$ 1 1e-8 2.922428378123494 50 5 50 5e-11
174 576 272 672 368 1 300 0.9950000000000001 Resistance
r 576 368 576 464 0 100
w 576 272 672 272 0
w 672 272 672 320 0
g 576 560 576 576 0 0
182 864 272 960 272 0 10 1.6 1.8 3.3 0
168 960 272 1056 272 8194 2 3.3 0 0
R 960 336 960 400 4 5 10000000 3.3 0 0 0.5
s 576 464 576 560 0 0 false
w 768 272 864 272 0
r 864 272 864 176 0 220.00000000000003
I 1056 128 960 128 0 0.5 3.3
w 1056 272 1056 128 0
R 864 80 864 48 0 0 40 3.3 0 0 0.5
r 672 272 768 272 0 220.00000000000003
r 768 272 768 176 0 68000
w 864 80 768 80 0
w 768 80 768 176 0
159 864 176 864 80 0 1 10000000000
w 880 128 960 128 0
c 768 272 768 368 0 1e-8 1.604115056722846 0
g 768 368 768 384 0 0
403 480 80 720 208 0 9_4_0_135426_5_0.1_-1_2_9_3
212 1056 272 1152 272 0 1 a\s/\s3.3\s*\s1.024
g 1152 304 1168 304 0 0
w 1152 272 1248 272 0
403 1088 64 1424 224 0 25_4_0_135426_1.048576_0.0001_-1_2_25_3
403 752 448 976 560 0 9_4_0_135425_2.5_0.025_-1_2_9_3
