$ 1 1e-9 69.34413510434165 50 3 50 5e-11
r 1424 352 1424 256 0 68000
368 1328 352 1328 320 0 4
w 1424 352 1520 352 0
183 1520 352 1520 256 0 0.5 1.5 1.8 3.3 0
168 1424 192 1520 192 11266 2 3.3 0 3.3
R 1520 192 1568 192 4 5 62500000 3.3 0 0 0.5
w 1232 352 1328 352 0
c 1232 352 1232 448 0 1e-10 1.713339343382499 0.001
g 1232 448 1232 464 0 0
r 1136 352 1232 352 0 100000
403 1616 288 1936 416 0 26_32_0_135426_5_0.1_-1_2_26_3
w 1328 352 1424 352 0
r 1200 224 1200 128 0 10000
R 1200 128 1200 96 0 0 40 5 0 0 0.5
r 1136 352 1136 448 0 5100
g 1136 448 1136 464 0 0
S 1136 352 1136 256 0 1 false 0 4
R 1152 128 1152 96 0 0 40 5 0 0 0.5
r 1152 224 1152 128 0 22000
w 1168 256 1200 224 0
w 1152 224 1152 256 0
w 1136 256 1104 224 0
r 1104 224 1104 128 0 56000
R 1104 128 1104 96 0 0 40 5 0 0 0.5
w 1120 256 1072 256 0
w 1136 352 1040 352 2
w 1616 256 1712 256 0
I 1520 256 1616 256 0 100 3.3
403 1328 368 1520 480 0 11_32_0_135426_2.5_0.1_-1_2_11_3
